    3     6     5.416280     0.231132
    3     7     6.423468     1.613186
    4     7     5.256491     0.259072
    4     8     5.852049     1.613186
    5     9     6.203492     1.613186
    6     9     5.078634     0.830553
    6    10     6.493259     1.613186
    6    11     8.472689     0.403297
    7    10     5.280044     0.403297
    7    11     5.859278     0.457185
    7    12     8.595620     0.403297
    8    11     4.846557     1.259249
    8    12     6.262494     1.613186
    8    13     8.474481     0.403297
    9    12     5.371239     0.403297
    9    13     6.241598     1.661106
    9    14     8.975481     0.806593
   10    13     4.470217     1.728583
   10    14     6.176656     0.576561
   10    15     8.481023     0.403297
   11    14     5.398402     0.403297
   11    15     6.345170     1.613186
   12    16     6.078607     1.613186
   12    17     8.494406     0.403297
   13    16     5.376722     0.403297
   13    17     6.231440     1.788102
   13    18     8.815910     0.403297
   14    17     5.032150     0.403297
   14    18     6.272651     1.613186
   15    19     6.828545     1.613186
   15    20     8.992191     0.403297
   16    19     5.339990     0.403297
   16    20     6.257159     0.424166
   16    21     8.701530     0.403297
   17    20     5.051878     0.403297
   18    21     5.340854     1.613186
   19    22     7.902715     1.613186
   20    23     5.430215     1.613186
   20    24     4.549362     0.510523
   25    41     5.654712     1.613186
   25    43     6.756828     0.769595
   25    80    10.376443     1.628087
   25    85     9.992081     1.529030
   26    38     6.829666     0.482584
   26    39     5.568070     0.806593
   26    40     4.100288     0.360668
   26    88     5.195944     1.613186
   27    38     5.912796     0.806593
   27    39     5.151035     1.788102
   27    40     6.092908     0.806593
   27    41     7.355913     1.536650
   27    91     7.694597     1.788102
   28    36     5.791158     1.087085
   28    37     5.039588     0.403297
   28    38     4.600516     1.087085
   28    39     5.725070     0.806593
   28    89     5.951530     1.613186
   28    90     4.750816     1.087085
   28    91     6.420711     1.613186
   29    36     5.220573     0.403297
   29    37     5.138221     1.613186
   29    38     6.632696     0.403297
   29    39     6.914566     1.645867
   29    54     8.788121     1.536650
   29    67     8.380721     1.645867
   29    93     6.991035     1.645867
   30    35     5.282336     0.806593
   30    36     4.209558     0.332729
   30    37     6.602058     0.403297
   30    90     6.197153     0.332729
   30    91     5.635523     1.613186
   30    93     5.842046     1.613186
   31    34     5.242902     2.419779
   31    35     5.077431     0.332729
   31    36     6.457934     0.806593
   31    58    10.608174     0.441946
   31    93     4.756691     1.102324
   32    35     7.535328     0.806593
   37    57    10.063650     0.764515
   37    58     9.612303     0.830553
   39    50     8.124699     1.645867
   39    53     8.010113     0.855952
   39    54     7.858368     1.788102
   40    53     8.843717     0.457185
   41    50     6.332375     1.402034
   41    53     8.636912     0.632439
   41    80     9.054232     1.645867
   42    45     5.145022     0.259072
   42    81     9.262806     0.403297
   43    80     5.054099     2.016483
   43    81     5.495956     0.424166
   43    82     9.052313     0.403297
   44    81     6.301012     0.403297
   45    49     6.234775     0.426706
   45    80     6.882371     1.613186
   46    50     7.041895     1.613186
   46    51     9.225622     0.403297
   47    50     5.001194     0.403297
   47    51     6.285147     0.764515
   47    52     8.615752     0.806593
   47    74     7.090268     1.788102
   47    76     4.906342     0.805154
   47    78     5.998206     1.613186
   47    80     7.011832     1.788102
   47    83    10.471783     1.333457
   48    51     5.170831     0.806593
   48    52     6.256569     0.414007
   48    53     8.913363     0.806593
   49    52     5.028982     0.806593
   49    53     6.518457     0.307330
   49    54     8.739114     0.806593
   50    53     5.295551     0.806593
   50    54     6.269016     1.536650
   50    55     8.667031     0.403297
   51    54     4.918791     1.167812
   51    55     6.067986     1.613186
   51    62     5.128325     0.246372
   51    65     8.099462     0.327649
   51    67     9.114772     0.855952
   51    76     7.935106     0.426706
   52    56     6.411110     1.613186
   53    57     6.246820     1.613186
   53    58     8.382504     0.403297
   54    57     5.274043     0.403297
   54    58     5.602155     0.830553
   54    59     6.880129     2.016483
   54    65     9.289128     0.932150
   54    67    10.990496     1.788102
   55    58     5.466938     0.403297
   55    62     6.729241     0.439406
   60    64     7.146766     0.932150
   60    65     6.838873     0.932150
   60    95     9.283029     1.788102
   61    64     5.257664     0.439406
   61    65     6.373079     1.613186
   62    76     8.211733     0.337809
   63    96     8.142961     0.984938
   64    95     5.488542     1.429423
   64    96     5.400524     0.457185
   64    97     8.258757     0.403297
   65    93     6.601760     1.026127
   65    94     5.697288     0.806593
   65    95     4.507636     1.026127
   65    96     6.469317     0.403297
   66    73     7.049257     0.457185
   66    74     7.295983     0.403297
   66    93     5.744815     0.806593
   66    94     4.837978     0.779755
   66    95     5.898599     0.806593
   67    73     5.798924     0.403297
   67    74     5.616138     1.871919
   67    75     8.378485     0.403297
   67    91     5.927163     1.871919
   67    92     5.299645     0.806593
   67    93     4.860557     1.871919
   67    94     6.152544     0.806593
   68    72     5.660020     0.806593
   68    73     4.299438     0.932150
   68    74     5.878818     0.403297
   68    91     5.855226     0.806593
   68    92     4.877231     1.051526
   68    93     6.607914     0.806593
   68    94     7.538280     1.536650
   69    72     5.339533     1.613186
   69    73     6.248898     0.806593
   69    74     7.114319     1.849060
   69    85     8.771359     1.737304
   69    89     9.022899     1.021047
   69    91     5.815682     1.849060
   69    92     6.518652     0.806593
   74    78     7.853444     0.806593
   74    83     8.739308     1.440133
   74    85    10.905088     1.788102
   74    91     9.274687     1.871919
   75    78     6.087010     0.576561
   75    79     9.191490     0.806593
   75    83    10.416205     0.708637
   78    82     7.563164     1.388234
   78    83     8.338553     0.802614
   79    82     5.930557     0.457185
   79    83     7.267780     2.419779
   79    85    10.205536     0.403297
   80    84     6.246747     2.016483
   80    85     6.510386     1.788102
   80    86     9.844588     0.403297
   81    85     7.135504     0.403297
   85    89     6.770632     1.700644
   86    89     5.437016     0.378448
   86    90     8.986618     0.806593
