    3     6    6.500
    4     7    6.308
    6     9    6.094
    7    11    7.031
    8    11    5.816
    9    13    7.490
   10    13    5.364
   10    14    7.412
   13    17    7.478
   16    20    7.509
   20    24    5.459
   25    43    8.108
   25    80   12.452
   25    85   11.990
   26    38    8.196
   26    40    4.920
   27    39    6.181
   27    41    8.827
   27    91    9.234
   28    36    6.949
   28    38    5.521
   28    90    5.701
   29    39    8.297
   29    54   10.546
   29    67   10.057
   29    93    8.389
   30    36    5.051
   30    90    7.437
   31    35    6.093
   31    58   12.730
   31    93    5.708
   37    57   12.076
   37    58   11.535
   39    50    9.750
   39    53    9.612
   39    54    9.430
   40    53   10.612
   41    50    7.599
   41    53   10.364
   41    80   10.865
   42    45    6.174
   43    81    6.595
   45    49    7.482
   47    51    7.542
   47    74    8.508
   47    76    5.888
   47    80    8.414
   47    83   12.566
   48    52    7.508
   49    53    7.822
   50    54    7.523
   51    54    5.903
   51    62    6.154
   51    65    9.719
   51    67   10.938
   51    76    9.522
   54    58    6.723
   54    65   11.147
   54    67   13.189
   55    62    8.075
   60    64    8.576
   60    65    8.207
   60    95   11.140
   61    64    6.309
   62    76    9.854
   63    96    9.772
   64    95    6.586
   64    96    6.481
   65    93    7.922
   65    95    5.409
   66    73    8.459
   66    94    5.806
   67    74    6.739
   67    91    7.113
   67    93    5.833
   68    73    5.159
   68    92    5.853
   68    94    9.046
   69    74    8.537
   69    85   10.526
   69    89   10.827
   69    91    6.979
   74    83   10.487
   74    85   13.086
   74    91   11.130
   75    78    7.304
   75    83   12.499
   78    82    9.076
   78    83   10.006
   79    82    7.117
   80    85    7.812
   85    89    8.125
   86    89    6.524
