    1    29    8.911
    1    35    9.321
    2     5    6.236
    3    32    8.386
    4    32    7.048
    4    35    7.708
    4    36    8.133
    5    26    7.571
    5    27    6.901
    8    26   10.422
    8    36    7.626
    8    39    8.594
    9    23    7.442
    9    26    9.509
    9    39    9.277
   12    23    9.797
   12    39    9.040
   12    42   11.584
   13    23   10.616
   17    22   10.219
   17    42   10.197
   17    46   11.089
   19    22    7.156
   22    39    7.956
   22    42    8.073
   22    45   11.105
   22    46   11.053
   23    39    9.618
   25    38    9.300
   26    35    6.193
   26    39    9.042
   29    34    5.899
   29    35    6.230
   29    38    8.997
   30    34    6.506
   32    36    7.175
   38    41    5.982
   39    42    6.483
   41    45    6.229
   42    46    6.153
